-0.50000
-0.49900
-0.49800
-0.49700
-0.49600
-0.49499
-0.49399
-0.49299
-0.49199
-0.49099
-0.48999
-0.48899
-0.48799
-0.48699
-0.48599
-0.48498
-0.48398
-0.48298
-0.48198
-0.48098
-0.47998
-0.47898
-0.47798
-0.47698
-0.47598
-0.47497
-0.47397
-0.47297
-0.47197
-0.47097
-0.46997
-0.46897
-0.46797
-0.46697
-0.46597
-0.46496
-0.46396
-0.46296
-0.46196
-0.46096
-0.45996
-0.45896
-0.45796
-0.45696
-0.45596
-0.45495
-0.45395
-0.45295
-0.45195
-0.45095
-0.44995
-0.44895
-0.44795
-0.44695
-0.44595
-0.44494
-0.44394
-0.44294
-0.44194
-0.44094
-0.43994
-0.43894
-0.43794
-0.43694
-0.43594
-0.43493
-0.43393
-0.43293
-0.43193
-0.43093
-0.42993
-0.42893
-0.42793
-0.42693
-0.42593
-0.42492
-0.42392
-0.42292
-0.42192
-0.42092
-0.41992
-0.41892
-0.41792
-0.41692
-0.41592
-0.41491
-0.41391
-0.41291
-0.41191
-0.41091
-0.40991
-0.40891
-0.40791
-0.40691
-0.40591
-0.40490
-0.40390
-0.40290
-0.40190
-0.40090
-0.39990
-0.39890
-0.39790
-0.39690
-0.39590
-0.39489
-0.39389
-0.39289
-0.39189
-0.39089
-0.38989
-0.38889
-0.38789
-0.38689
-0.38589
-0.38488
-0.38388
-0.38288
-0.38188
-0.38088
-0.37988
-0.37888
-0.37788
-0.37688
-0.37588
-0.37487
-0.37387
-0.37287
-0.37187
-0.37087
-0.36987
-0.36887
-0.36787
-0.36687
-0.36587
-0.36486
-0.36386
-0.36286
-0.36186
-0.36086
-0.35986
-0.35886
-0.35786
-0.35686
-0.35586
-0.35485
-0.35385
-0.35285
-0.35185
-0.35085
-0.34985
-0.34885
-0.34785
-0.34685
-0.34585
-0.34484
-0.34384
-0.34284
-0.34184
-0.34084
-0.33984
-0.33884
-0.33784
-0.33684
-0.33584
-0.33483
-0.33383
-0.33283
-0.33183
-0.33083
-0.32983
-0.32883
-0.32783
-0.32683
-0.32583
-0.32482
-0.32382
-0.32282
-0.32182
-0.32082
-0.31982
-0.31882
-0.31782
-0.31682
-0.31582
-0.31481
-0.31381
-0.31281
-0.31181
-0.31081
-0.30981
-0.30881
-0.30781
-0.30681
-0.30581
-0.30480
-0.30380
-0.30280
-0.30180
-0.30080
-0.29980
-0.29880
-0.29780
-0.29680
-0.29580
-0.29479
-0.29379
-0.29279
-0.29179
-0.29079
-0.28979
-0.28879
-0.28779
-0.28679
-0.28579
-0.28478
-0.28378
-0.28278
-0.28178
-0.28078
-0.27978
-0.27878
-0.27778
-0.27678
-0.27578
-0.27477
-0.27377
-0.27277
-0.27177
-0.27077
-0.26977
-0.26877
-0.26777
-0.26677
-0.26577
-0.26476
-0.26376
-0.26276
-0.26176
-0.26076
-0.25976
-0.25876
-0.25776
-0.25676
-0.25576
-0.25475
-0.25375
-0.25275
-0.25175
-0.25075
-0.24975
-0.24875
-0.24775
-0.24675
-0.24575
-0.24474
-0.24374
-0.24274
-0.24174
-0.24074
-0.23974
-0.23874
-0.23774
-0.23674
-0.23574
-0.23473
-0.23373
-0.23273
-0.23173
-0.23073
-0.22973
-0.22873
-0.22773
-0.22673
-0.22573
-0.22472
-0.22372
-0.22272
-0.22172
-0.22072
-0.21972
-0.21872
-0.21772
-0.21672
-0.21572
-0.21471
-0.21371
-0.21271
-0.21171
-0.21071
-0.20971
-0.20871
-0.20771
-0.20671
-0.20571
-0.20470
-0.20370
-0.20270
-0.20170
-0.20070
-0.19970
-0.19870
-0.19770
-0.19670
-0.19570
-0.19469
-0.19369
-0.19269
-0.19169
-0.19069
-0.18969
-0.18869
-0.18769
-0.18669
-0.18569
-0.18468
-0.18368
-0.18268
-0.18168
-0.18068
-0.17968
-0.17868
-0.17768
-0.17668
-0.17568
-0.17467
-0.17367
-0.17267
-0.17167
-0.17067
-0.16967
-0.16867
-0.16767
-0.16667
-0.16567
-0.16466
-0.16366
-0.16266
-0.16166
-0.16066
-0.15966
-0.15866
-0.15766
-0.15666
-0.15566
-0.15465
-0.15365
-0.15265
-0.15165
-0.15065
-0.14965
-0.14865
-0.14765
-0.14665
-0.14565
-0.14464
-0.14364
-0.14264
-0.14164
-0.14064
-0.13964
-0.13864
-0.13764
-0.13664
-0.13564
-0.13463
-0.13363
-0.13263
-0.13163
-0.13063
-0.12963
-0.12863
-0.12763
-0.12663
-0.12563
-0.12462
-0.12362
-0.12262
-0.12162
-0.12062
-0.11962
-0.11862
-0.11762
-0.11662
-0.11562
-0.11461
-0.11361
-0.11261
-0.11161
-0.11061
-0.10961
-0.10861
-0.10761
-0.10661
-0.10561
-0.10460
-0.10360
-0.10260
-0.10160
-0.10060
-0.09960
-0.09860
-0.09760
-0.09660
-0.09560
-0.09459
-0.09359
-0.09259
-0.09159
-0.09059
-0.08959
-0.08859
-0.08759
-0.08659
-0.08559
-0.08458
-0.08358
-0.08258
-0.08158
-0.08058
-0.07958
-0.07858
-0.07758
-0.07658
-0.07558
-0.07457
-0.07357
-0.07257
-0.07157
-0.07057
-0.06957
-0.06857
-0.06757
-0.06657
-0.06557
-0.06456
-0.06356
-0.06256
-0.06156
-0.06056
-0.05956
-0.05856
-0.05756
-0.05656
-0.05556
-0.05455
-0.05355
-0.05255
-0.05155
-0.05055
-0.04955
-0.04855
-0.04755
-0.04655
-0.04555
-0.04454
-0.04354
-0.04254
-0.04154
-0.04054
-0.03954
-0.03854
-0.03754
-0.03654
-0.03554
-0.03453
-0.03353
-0.03253
-0.03153
-0.03053
-0.02953
-0.02853
-0.02753
-0.02653
-0.02553
-0.02452
-0.02352
-0.02252
-0.02152
-0.02052
-0.01952
-0.01852
-0.01752
-0.01652
-0.01552
-0.01451
-0.01351
-0.01251
-0.01151
-0.01051
-0.00951
-0.00851
-0.00751
-0.00651
-0.00551
-0.00450
-0.00350
-0.00250
-0.00150
-0.00050
0.00050
0.00150
0.00250
0.00350
0.00450
0.00551
0.00651
0.00751
0.00851
0.00951
0.01051
0.01151
0.01251
0.01351
0.01451
0.01552
0.01652
0.01752
0.01852
0.01952
0.02052
0.02152
0.02252
0.02352
0.02452
0.02553
0.02653
0.02753
0.02853
0.02953
0.03053
0.03153
0.03253
0.03353
0.03453
0.03554
0.03654
0.03754
0.03854
0.03954
0.04054
0.04154
0.04254
0.04354
0.04454
0.04555
0.04655
0.04755
0.04855
0.04955
0.05055
0.05155
0.05255
0.05355
0.05455
0.05556
0.05656
0.05756
0.05856
0.05956
0.06056
0.06156
0.06256
0.06356
0.06456
0.06557
0.06657
0.06757
0.06857
0.06957
0.07057
0.07157
0.07257
0.07357
0.07457
0.07558
0.07658
0.07758
0.07858
0.07958
0.08058
0.08158
0.08258
0.08358
0.08458
0.08559
0.08659
0.08759
0.08859
0.08959
0.09059
0.09159
0.09259
0.09359
0.09459
0.09560
0.09660
0.09760
0.09860
0.09960
0.10060
0.10160
0.10260
0.10360
0.10460
0.10561
0.10661
0.10761
0.10861
0.10961
0.11061
0.11161
0.11261
0.11361
0.11461
0.11562
0.11662
0.11762
0.11862
0.11962
0.12062
0.12162
0.12262
0.12362
0.12462
0.12563
0.12663
0.12763
0.12863
0.12963
0.13063
0.13163
0.13263
0.13363
0.13463
0.13564
0.13664
0.13764
0.13864
0.13964
0.14064
0.14164
0.14264
0.14364
0.14464
0.14565
0.14665
0.14765
0.14865
0.14965
0.15065
0.15165
0.15265
0.15365
0.15465
0.15566
0.15666
0.15766
0.15866
0.15966
0.16066
0.16166
0.16266
0.16366
0.16466
0.16567
0.16667
0.16767
0.16867
0.16967
0.17067
0.17167
0.17267
0.17367
0.17467
0.17568
0.17668
0.17768
0.17868
0.17968
0.18068
0.18168
0.18268
0.18368
0.18468
0.18569
0.18669
0.18769
0.18869
0.18969
0.19069
0.19169
0.19269
0.19369
0.19469
0.19570
0.19670
0.19770
0.19870
0.19970
0.20070
0.20170
0.20270
0.20370
0.20470
0.20571
0.20671
0.20771
0.20871
0.20971
0.21071
0.21171
0.21271
0.21371
0.21471
0.21572
0.21672
0.21772
0.21872
0.21972
0.22072
0.22172
0.22272
0.22372
0.22472
0.22573
0.22673
0.22773
0.22873
0.22973
0.23073
0.23173
0.23273
0.23373
0.23473
0.23574
0.23674
0.23774
0.23874
0.23974
0.24074
0.24174
0.24274
0.24374
0.24474
0.24575
0.24675
0.24775
0.24875
0.24975
0.25075
0.25175
0.25275
0.25375
0.25475
0.25576
0.25676
0.25776
0.25876
0.25976
0.26076
0.26176
0.26276
0.26376
0.26476
0.26577
0.26677
0.26777
0.26877
0.26977
0.27077
0.27177
0.27277
0.27377
0.27477
0.27578
0.27678
0.27778
0.27878
0.27978
0.28078
0.28178
0.28278
0.28378
0.28478
0.28579
0.28679
0.28779
0.28879
0.28979
0.29079
0.29179
0.29279
0.29379
0.29479
0.29580
0.29680
0.29780
0.29880
0.29980
0.30080
0.30180
0.30280
0.30380
0.30480
0.30581
0.30681
0.30781
0.30881
0.30981
0.31081
0.31181
0.31281
0.31381
0.31481
0.31582
0.31682
0.31782
0.31882
0.31982
0.32082
0.32182
0.32282
0.32382
0.32482
0.32583
0.32683
0.32783
0.32883
0.32983
0.33083
0.33183
0.33283
0.33383
0.33483
0.33584
0.33684
0.33784
0.33884
0.33984
0.34084
0.34184
0.34284
0.34384
0.34484
0.34585
0.34685
0.34785
0.34885
0.34985
0.35085
0.35185
0.35285
0.35385
0.35485
0.35586
0.35686
0.35786
0.35886
0.35986
0.36086
0.36186
0.36286
0.36386
0.36486
0.36587
0.36687
0.36787
0.36887
0.36987
0.37087
0.37187
0.37287
0.37387
0.37487
0.37588
0.37688
0.37788
0.37888
0.37988
0.38088
0.38188
0.38288
0.38388
0.38488
0.38589
0.38689
0.38789
0.38889
0.38989
0.39089
0.39189
0.39289
0.39389
0.39489
0.39590
0.39690
0.39790
0.39890
0.39990
0.40090
0.40190
0.40290
0.40390
0.40490
0.40591
0.40691
0.40791
0.40891
0.40991
0.41091
0.41191
0.41291
0.41391
0.41491
0.41592
0.41692
0.41792
0.41892
0.41992
0.42092
0.42192
0.42292
0.42392
0.42492
0.42593
0.42693
0.42793
0.42893
0.42993
0.43093
0.43193
0.43293
0.43393
0.43493
0.43594
0.43694
0.43794
0.43894
0.43994
0.44094
0.44194
0.44294
0.44394
0.44494
0.44595
0.44695
0.44795
0.44895
0.44995
0.45095
0.45195
0.45295
0.45395
0.45495
0.45596
0.45696
0.45796
0.45896
0.45996
0.46096
0.46196
0.46296
0.46396
0.46496
0.46597
0.46697
0.46797
0.46897
0.46997
0.47097
0.47197
0.47297
0.47397
0.47497
0.47598
0.47698
0.47798
0.47898
0.47998
0.48098
0.48198
0.48298
0.48398
0.48498
0.48599
0.48699
0.48799
0.48899
0.48999
0.49099
0.49199
0.49299
0.49399
0.49499
0.49600
0.49700
0.49800
0.49900
0.50000
