1.66979
2.43047
-2.65285
0.457574
-2.58859
1.09333
-2.12158
0.881745
-0.677042
0.211991
1.00061
-0.19742
1.67458
1.80304
0.65922
0.609574
0.0398776
-2.91464
1.99315
-2.56271
0.335657
-2.86989
0.558619
-2.95196
0.945991
-0.803307
-2.36366
-2.69019
1.23909
-1.67987
-0.418815
0.942595
-2.32478
-2.38298
2.97257
-2.0393
0.508028
1.21208
-1.47799
2.01826
2.57481
-1.34466
0.221605
-1.80406
-0.628574
2.39511
2.33689
-2.39138
2.08532
2.75357
1.1874
2.63768
1.61955
0.639618
-1.74741
2.49295
1.24774
-2.47259
-2.60043
-0.652503
-2.61451
2.31647
2.06318
0.00424706
2.77644
-2.41864
0.722556
2.51618
0.213078
3.02272
-0.626269
-1.0926
-1.97949
-0.574183
0.591264
0.633307
0.375471
-2.87249
1.60654
-3.03541
1.04432
2.40096
-1.81901
-2.70859
2.45534
-1.67308
0.776818
-1.11907
-3.01873
-2.44005
1.45981
-2.79644
-1.32246
1.02119
2.73868
-0.952723
-1.83843
2.32113
0.71307
0.576088
2.47079
-2.78721
2.44577
2.55896
2.12396
0.446227
0.0632673
1.78679
1.62146
1.28933
-0.755436
-0.411141
-1.04667
-1.21782
-1.71839
0.341205
2.48665
0.617014
0.106839
0.456412
1.50231
2.23451
1.53941
-0.289304
-1.88631
1.02826
-2.34688
1.73606
0.203168
-2.07469
1.92094
-0.627031
-0.575606
0.205536
-0.225262
-2.26933
-1.05332
3.01156
3.03542
-2.32867
-2.92119
0.772637
-0.975724
-2.66197
-0.121853
1.31168
-1.98318
2.13315
-1.46119
0.366468
0.868958
-2.29704
-2.6051
-1.80911
0.734589
-1.24107
-3.02185
1.59924
-1.48195
1.8783
-3.11499
1.97852
-2.46976
2.58766
-1.10022
-0.235775
2.53565
2.63132
-0.198133
2.85599
0.494725
2.31622
3.09667
-0.83512
-2.74287
-1.21033
2.36708
-1.65938
-1.73354
2.85899
2.96884
-1.02406
-0.500198
2.83178
2.1728
-1.42281
1.95522
-1.37266
-0.410114
-1.48018
2.64601
-1.70795
2.49979
2.98332
-2.64045
1.34272
-2.33226
-0.255296
-2.53822
1.48412
2.54428
0.0665059
-0.540868
0.763275
0.0304476
-1.382
0.365938
-0.422432
1.14693
1.74188
2.63998
0.268757
2.31534
-0.894067
0.587898
1.1098
-1.99168
-1.07991
-2.17585
1.18225
1.54453
2.16402
-0.344798
0.455406
2.71568
0.988549
0.369843
0.295386
-3.00771
1.3125
-0.129651
-1.52418
-0.0352402
-0.383403
1.25547
0.0321595
-0.529165
1.68472
-1.52249
2.69991
-2.84059
1.66763
3.04284
2.71894
0.416634
-2.41925
-0.204964
1.32394
-1.30835
-0.666608
0.257086
-2.86208
0.891486
-1.4711
-0.586372
-1.73855
-1.31738
0.429098
1.31308
1.03348
0.78023
1.11238
1.05349
0.807907
-0.0923911
2.53759
0.854129
1.02041
-0.552459
3.00064
1.8166
-2.46634
-3.11039
1.32495
-0.00559513
-2.82762
-2.41839
1.3038
0.7357
0.57399
-1.0639
-0.674125
2.18035
-0.128892
-2.58294
1.28074
2.8097
0.199348
-2.5208
-0.648573
0.0436399
-0.418567
-2.2839
-0.301202
1.96411
1.22716
-1.69902
-3.10068
1.41143
0.489091
-0.592628
0.691966
-1.14529
1.34311
0.944107
-0.995392
-0.430299
1.75605
-0.754233
3.122
2.7801
-0.763776
1.30415
2.08144
-0.888864
-2.25395
-0.921468
-1.06634
0.802414
2.43641
2.09168
-1.18205
-2.32827
-2.13709
0.791173
-2.94716
0.786887
2.86285
2.45669
-0.467547
-2.10798
-1.57182
1.04034
1.70052
-2.55313
0.843322
1.60738
-0.478714
3.06707
-0.00266875
-1.30049
-1.54865
1.21382
-0.657049
2.84445
-1.11579
2.62717
1.97042
-0.642832
-3.11882
2.06233
-1.53128
0.75181
0.250355
1.80295
-1.73959
-1.88282
1.46987
2.29055
-2.53121
2.33515
2.26303
0.752793
-0.664807
2.49725
2.49327
-0.46784
0.674513
-1.18533
-1.44338
1.55663
-0.879136
0.352135
2.30366
1.62173
-1.18709
-1.47226
0.87154
1.13975
-0.0557301
-0.236834
-2.27813
-1.84447
3.02032
2.84192
0.0944621
1.33864
1.40207
2.66921
0.773467
0.464505
-1.47576
0.602742
0.993669
1.86124
1.04632
1.64854
2.81546
-0.518953
1.13895
1.73236
2.39638
-0.372408
1.6562
0.097985
2.59838
-2.09081
-1.19647
0.347455
-1.84279
-0.126802
-0.904973
-2.21868
1.98503
-2.44363
3.13632
1.34211
-2.33225
2.94685
0.694981
-0.129448
-2.48528
-1.70582
2.42091
-0.520885
0.0661419
-1.26793
2.2074
-2.91658
2.76714
2.85115
1.60945
-1.51705
-0.855742
-1.62854
-2.23887
2.71136
0.0657369
-1.39628
1.82979
0.891114
1.76036
2.3097
-2.3147
1.12714
1.33749
1.95886
2.23112
1.31151
-1.7456
1.37943
-1.70709
3.01991
1.07003
1.78158
0.650468
1.32722
-1.03902
-0.0876364
2.32716
2.20215
2.78083
-0.850809
0.935567
3.00295
1.56387
-2.59341
1.04606
2.61877
2.26172
-1.33869
-1.66542
-2.21187
-2.1027
-0.226975
2.20372
2.10695
2.69991
0.439992
1.93699
1.9851
-0.720921
-0.648955
-1.67818
-1.02186
-2.09361
-0.844973
-0.0639879
0.741493
0.7952
0.695138
0.590072
0.637391
1.55154
1.48088
0.0288839
1.53526
-0.324193
-0.210863
-1.58797
2.95229
-0.0964105
0.517113
-2.87649
1.60592
-1.31133
-1.40239
1.79477
0.538996
0.659296
0.122701
1.96498
2.37428
2.64935
2.65953
-1.24097
-0.632947
-0.00974609
-1.32365
1.24215
-1.95056
0.436923
2.11685
2.30157
2.81138
0.0639216
0.63865
0.421741
2.48201
2.00237
-1.49217
0.0988657
-0.618955
-1.57433
-1.73986
0.352168
1.74612
-0.443633
-0.472507
-2.90575
-0.834162
-1.58433
0.0639821
-2.63123
1.77014
-0.170868
0.927351
-2.44238
1.62002
-0.738477
-2.13736
1.49045
-2.45659
0.269952
0.120969
-0.39785
-2.03337
-2.4145
-2.56648
0.228527
2.56312
-2.67087
-0.203094
-1.14626
0.524664
1.2259
-0.685918
-0.659657
2.23534
0.300248
-2.70008
0.683767
-1.93995
-0.97903
-2.12662
1.13177
-0.0140136
1.37984
-2.69484
-2.67014
-2.77397
-0.166477
-2.51624
0.773167
2.09103
-2.7672
3.14016
2.4457
2.10258
2.19953
0.822862
-1.94098
-2.10547
1.34602
-2.6046
-0.401765
-0.493704
2.78656
0.37335
-1.83325
2.58848
-1.00263
0.291359
1.08856
-1.01271
1.88566
2.61972
-0.718306
2.4629
-1.91153
1.4115
-0.316193
-0.0560215
-0.231859
0.859413
2.20291
2.85113
-1.88626
-1.39217
2.66649
0.127039
-2.03742
-0.151804
0.981894
-1.1661
1.48765
0.934203
-2.14914
-2.47012
-2.44451
2.13492
-2.12612
1.84399
0.340639
-1.96651
-1.4739
-0.0259178
2.89101
-1.14993
-1.53459
0.809676
1.08957
-0.498881
0.243123
0.502721
-0.747316
-2.0376
-2.07206
1.5939
-3.0628
1.98875
-0.679844
2.98508
2.80806
1.2676
-2.56727
2.45553
-2.23702
3.0421
0.499834
-2.21224
2.43657
0.557263
0.891749
2.75306
-1.94798
0.290398
1.719
1.62645
3.09686
-0.964957
-1.82746
-0.840559
-0.171485
-0.217156
-0.924447
2.15402
2.65041
-2.4021
-0.693699
0.141208
1.20435
-2.13038
1.54789
-2.30355
1.34737
1.89318
2.97931
2.58134
-3.07607
-0.866017
-0.0894634
-0.940521
-3.0419
1.34382
-1.80111
1.14492
-1.76238
1.01751
3.01673
0.267116
-1.76669
1.21162
0.747776
-1.35619
-2.89999
1.14686
1.58245
0.290315
0.94772
-1.54597
2.83064
3.02991
2.41071
0.973322
-0.375643
2.61913
2.63462
-2.45101
0.177572
-3.13597
-1.45711
-1.66417
-0.638215
-0.0598014
1.62377
-0.365099
-1.65662
0.838686
1.86411
-2.44445
1.59147
1.57866
2.04064
-0.446455
2.83581
-0.60112
1.51097
3.13333
-0.620024
1.78975
-2.11592
0.571344
-1.82375
0.257561
-1.90697
2.29336
0.408728
2.6655
1.16624
1.16662
1.21939
0.0236532
-2.55839
0.227693
-2.34424
2.46074
-1.98721
-1.6896
-2.27019
-2.49512
2.49088
3.11457
2.80659
1.43389
-2.44954
2.74081
0.260163
-0.0511429
-2.13508
2.97541
0.702019
2.98243
-0.0268847
3.03902
1.73529
3.00312
-0.329331
-0.58723
-1.65521
-1.82609
-2.83512
-0.696209
0.253937
-0.647784
1.42085
-2.59823
0.0129026
2.72899
-3.12726
1.16434
-1.76887
-1.22151
2.24382
-0.98525
-0.897908
2.58743
2.71622
-2.51711
0.397245
0.813098
0.409678
-0.492593
-2.57524
2.47208
-2.57771
0.586023
-0.84475
-2.73479
2.67786
-0.585184
-2.86532
2.96568
-1.87456
-1.19514
-1.18735
-0.196508
-0.841634
1.22865
-1.10465
-2.45068
2.51859
-2.52945
-0.356402
0.301671
2.16207
2.78431
1.33051
2.65758
0.366888
-1.06479
-2.10562
1.86453
0.541332
1.86991
-0.987638
-0.547366
-2.49205
-0.151512
0.516641
2.87751
-1.52331
0.126787
1.5609
-0.829502
2.82385
-1.75188
-2.64465
-1.89132
3.05112
1.38201
2.12863
0.46259
2.89089
-2.44298
-3.02045
-0.628302
-0.517348
0.875817
-2.47483
-1.19732
1.56201
-2.9356
3.04868
-1.46422
-1.5445
-0.692453
-2.26595
-2.76717
2.07277
-0.0671568
1.0854
2.09237
2.02476
0.586636
-0.0629891
0.633626
-2.69582
-0.5571
-0.812914
2.99214
-2.57763
1.7286
-2.77988
0.283781
3.07867
2.84458
2.55899
1.23884
1.61561
1.99917
2.57545
-2.72283
-0.955071
-0.774948
0.293368
-0.715501
0.095029
0.433888
-1.98275
1.50287
-1.07235
2.1942
-1.74647
-0.430509
0.789771
-2.86447
-2.75017
2.76886
0.0086106
2.13377
-2.9168
1.63315
-1.52067
0.404238
-0.584452
1.1765
2.07752
2.91673
-1.44014
1.75574
0.549306
-2.23128
1.20545
0.541102
1.66936
1.35423
-1.05864
1.45018
-0.396678
2.61058
2.46488
-1.23884
1.31819
1.18868
2.12873
2.14634
0.917525
-2.0342
1.66359
0.381494
-0.424797
2.64674
-1.13378
0.0173962
1.03149
-0.276543
2.61305
-3.06206
1.71248
-0.522979
-0.444174
0.0339741
0.181123
2.29418
-2.12619
-1.97048
-1.47571
-0.660528
1.52137
-2.67595
1.68317
-1.60376
-2.76277
3.12824
-1.04261
2.69574
1.63925
1.73762
-1.23804
2.40587
-1.90683
-2.09189
2.64306
0.368534
-0.434857
-1.95624
-0.666655
2.45386
-1.9363
-1.11768
1.16834
1.89185
0.731858
-0.512454
-2.5978
2.18147
1.37789
2.73115
-0.60564
0.994672
-1.43382
-2.26215
0.409601
-1.67953
0.0374165
2.66306
2.13991
-0.266846
1.27824
