1.42042
0.910283
2.64619
-0.821773
2.32536
-0.363365
2.533
-0.443544
-0.274974
-1.07665
3.03829
-0.152648
2.16269
2.28697
-0.08943
3.03428
0.572593
-1.51565
-1.48535
-2.00608
-1.87656
-2.79367
-3.07007
2.04573
2.96766
-1.92247
-0.505411
-1.61171
2.3094
-2.93529
1.39859
1.63596
-1.31502
-2.14058
2.07329
-1.81027
-0.682035
2.29815
2.80848
2.73669
2.57047
-3.02257
0.0782799
-1.31888
-1.55959
-2.67537
0.614723
-3.10376
1.01629
1.89776
-1.64825
2.19048
1.25612
-0.265845
-1.39629
-2.53865
0.606837
-0.439976
2.85512
2.03942
-0.00567243
1.47193
-1.40596
-0.634802
-1.52609
-0.385402
2.84214
-2.43603
0.424311
-0.0556403
2.22906
-1.89472
0.102722
-0.88154
2.81808
0.55405
1.69647
-0.510156
0.912826
-1.05112
-2.35143
-1.41589
-2.67777
3.10334
-2.0754
2.59445
2.45293
1.13853
2.91016
0.27439
-2.03914
-0.493094
1.09036
0.532385
3.07557
-3.06271
-2.80414
-0.665884
1.7886
0.600613
1.06018
-0.120595
1.76538
2.10019
-1.30572
-2.96172
-3.13287
1.40626
1.90315
1.14378
2.35647
-0.733179
-2.21549
0.376877
-0.537133
-1.01883
-1.28738
0.522665
-2.86144
0.316975
2.76208
0.79901
-1.46811
-0.778342
2.69004
0.0161092
-1.99244
-0.806685
-2.49942
-1.18812
3.12012
-2.20638
2.9751
0.362467
2.87965
-2.58703
2.46777
-2.30617
-2.75425
1.29969
-1.29634
1.5239
2.32889
3.092
0.381388
-1.78624
2.68172
1.62667
2.34131
1.87986
0.463504
2.33943
-0.749502
1.95251
-0.176112
1.22685
-0.870479
1.70357
1.12572
-2.31355
-2.06237
-0.554358
-1.12678
-1.98649
2.34792
-2.47118
-2.8103
1.16217
2.68139
0.0119284
-3.05846
1.48517
-1.47965
-2.27945
1.32311
1.35018
-1.71274
2.47891
0.120046
-0.351949
1.01772
0.868378
-2.87429
-2.13436
0.10969
-3.13021
0.285156
-0.876844
-2.69777
-1.90618
2.42315
-2.58882
-1.69459
-0.947167
1.74172
1.3343
1.92511
2.33785
0.449845
-0.475288
-1.0587
-2.10423
0.0429253
-1.35264
-1.32475
2.62405
-1.94881
-1.54598
-1.19713
-1.98815
-0.872331
-1.10656
0.450937
-2.75038
-2.80467
-2.87926
-1.07343
1.01815
-1.79861
-1.9397
0.228606
-1.5735
2.3417
-1.48261
1.21627
-0.676477
-3.12782
-1.58969
0.489126
-0.464402
2.79885
2.39603
-1.76544
-2.42832
-1.45211
2.09285
2.98885
-0.364937
-2.17642
-0.0303937
0.942348
0.461589
-2.27553
-0.368581
-2.85368
2.3202
-1.95964
0.0229545
-2.66063
2.72911
-2.78047
-0.771013
2.83027
2.52957
-2.05413
-1.07001
2.37425
-2.31892
0.0853271
-1.99257
0.61791
-1.00124
-3.118
-1.41269
3.06586
1.51482
-2.23231
-0.198377
-1.9735
1.64322
2.67887
2.88833
1.96306
0.358341
-0.704455
2.28847
1.33916
-1.8809
0.408383
-2.71047
-1.50064
2.2174
2.68711
2.9209
-2.58069
1.17694
2.77972
0.949442
2.86482
0.464634
-2.93187
-0.829542
-2.22448
-2.31707
-1.2339
-1.94472
-1.53495
2.45898
-0.75189
-2.50334
2.55677
0.529544
-1.12181
1.34435
-2.65163
2.51019
-0.247053
-1.5111
2.48838
-0.21821
2.83209
-0.585083
-1.83118
1.1802
2.1602
2.3104
2.06956
-0.759781
-0.119567
2.32536
2.05315
-0.918788
-2.2227
1.86531
-1.11
-3.00337
-1.36968
2.90649
-0.784717
-2.94218
3.11435
1.11806
1.16328
-3.06221
-2.35891
0.713964
1.7053
2.56794
2.44315
-2.34383
-1.36457
1.92981
-2.41686
2.10254
-2.79448
1.89749
0.653615
2.12465
-0.396364
-0.912149
2.02947
-1.59017
-1.2859
-3.03452
1.88776
-1.54925
-1.44795
-1.58943
-1.02925
0.478553
1.5109
1.26295
-2.88089
-1.03223
0.318601
2.66598
-2.8841
0.094486
2.00754
-1.48475
1.57449
1.56941
-2.89338
1.75028
0.637578
-2.15938
-1.72584
-2.34404
-2.53065
-1.3517
2.91153
1.98734
-1.96147
1.69065
-0.497749
2.94761
1.62792
1.66048
3.04067
0.73709
-2.77621
0.831853
-2.57685
-2.50564
0.962265
1.36061
-0.459738
2.75601
-2.1152
-1.21458
0.661341
-0.80471
-1.30728
1.66857
-3.0997
3.12359
-2.05031
-0.956785
0.0998867
1.08796
-0.247424
2.27163
0.655973
-1.2905
3.12617
0.803047
1.55244
-2.26009
0.2154
-1.74674
0.119143
-2.91894
1.38304
2.62362
2.57231
-0.0790462
2.51883
0.123732
2.44451
3.04802
2.89361
-0.903054
1.56736
-2.42793
1.43888
0.725981
-0.11044
-2.67079
-2.49239
-1.16758
-2.29753
1.85738
1.34206
0.478098
-2.14953
1.57654
-1.43771
-0.959572
-2.03915
1.37029
-1.84696
-2.61573
3.10602
1.09075
1.8707
-2.53027
-2.06847
-1.18925
1.90101
2.30947
2.23033
-0.912856
-1.69574
-2.33909
-0.168083
-1.91434
0.119438
-1.18288
2.81589
2.3327
0.190414
0.979451
0.990849
0.9127
-2.64716
2.2413
2.00126
-1.53892
0.447828
-1.62695
2.04648
0.0308957
2.26461
-1.79388
-2.86271
1.01674
-0.640236
0.217093
-2.45937
-2.48138
-2.53883
0.189507
-0.0224643
0.590365
-1.71504
-2.44828
-2.04757
-0.415922
-0.0833515
0.985868
2.92643
-2.34031
-2.72434
0.309932
-1.40434
2.20361
2.7874
1.88314
0.341778
-2.31022
0.230661
2.00117
-0.914258
-0.548293
2.60589
-1.09128
2.4659
-0.863869
1.59859
-2.05271
-1.93719
-2.85695
-1.1983
2.3653
-0.458318
3.04162
-0.177418
-2.75043
-0.773583
0.611507
2.00546
-0.0497754
-0.450568
2.52
-0.0792912
-2.16367
0.915148
2.4668
2.70227
0.0302239
-1.87929
1.34718
-1.89228
-0.00247765
-1.77188
-0.276977
-2.18135
0.109411
0.732556
-2.02959
-2.73043
-1.74465
-2.79807
0.411553
0.136451
2.24566
0.756288
0.264193
-0.325513
-1.92209
2.83532
-3.03179
-0.163563
1.8669
-2.75663
-2.14565
-1.9479
-0.756543
2.29517
-0.444891
0.26975
-2.60252
-1.9849
2.11669
2.14798
-2.31896
-2.73461
-1.98966
-2.02283
-3.1361
-2.53293
3.10306
1.62969
-2.38265
1.75165
2.7388
1.78998
2.43801
1.97253
2.19454
0.557412
1.82617
2.14151
-1.88302
-2.94927
2.8173
-0.512742
-0.49689
-2.83199
-2.7343
2.47958
1.91138
-2.88568
-1.12032
1.98742
2.12405
2.46749
2.17746
-0.932259
3.05714
-1.78333
-0.285868
3.04919
2.89062
0.219277
2.2621
3.0414
-2.04072
-1.4114
-0.0447311
-0.245388
-1.71052
2.94305
-2.26624
2.06792
1.15658
-1.21012
0.521998
1.98491
1.81032
-0.0535277
-2.9476
-1.12301
-1.81962
0.975907
2.06204
-2.14679
-2.26579
1.93496
-2.46504
-2.73756
0.530671
-0.283383
0.850891
-2.9358
-0.434489
-2.03001
-1.85718
1.62914
-0.229399
2.71766
-1.51173
-0.320416
-0.646531
1.29332
3.04432
2.54127
0.989251
1.40923
-1.65961
-2.13287
1.78496
-2.50243
-2.22897
-0.560779
-2.42224
2.90137
2.59091
-2.18236
3.0959
2.07366
-2.85433
-0.824303
2.99036
2.22938
-2.967
-1.05122
2.37854
2.96116
2.27348
0.298773
0.417022
0.848831
1.81291
0.50749
-2.06493
1.9528
-0.137001
2.8589
0.515698
1.9762
-1.08367
-0.976685
-3.05674
1.6413
-1.70464
-1.99635
-2.61118
-1.97747
-3.01095
0.324305
0.916283
-2.06788
0.56088
-0.430813
2.90819
0.980726
1.88265
-0.26677
0.676176
-2.03899
-2.42757
2.641
2.42451
0.107761
-2.50881
-0.722288
0.458605
0.376123
-3.09832
-0.367626
2.41738
-2.11644
-2.71735
-1.58134
1.22308
-0.417708
2.5176
0.658185
2.32168
-2.5099
0.757912
-0.162717
2.75977
-1.2705
2.31028
-2.61278
0.848304
1.24928
0.437635
2.71539
1.30629
-1.11161
-3.05386
-0.0613164
-2.62171
1.68993
-0.657738
1.97527
1.09234
0.572809
-0.554649
-1.62549
2.21708
0.42141
-2.05799
1.10744
0.936846
3.0716
0.434148
2.23648
3.03366
1.73148
2.99542
2.21662
-2.28476
1.93294
0.755747
-2.43307
-1.79244
2.73408
-1.52796
1.12263
0.0073436
-0.573783
2.03773
-2.56488
-1.99898
1.12576
-2.99472
-0.473174
-2.60574
-2.45967
-2.80772
-1.96884
1.79432
2.1714
-0.812474
2.88704
1.78428
0.46989
-0.549427
-0.362909
2.37719
-2.20872
-2.15939
1.58374
1.60961
-1.92676
2.32357
-0.43802
1.14281
0.40739
-1.91472
2.10002
2.31087
-0.758457
-1.16674
-2.30213
-3.14141
-1.33978
-0.91841
-1.84719
-0.634526
1.10232
-1.99453
-0.671702
-1.8105
-2.68021
-2.00245
2.97618
1.59517
-2.60206
-1.21303
-0.586781
0.743362
-0.813901
-1.93375
-3.01845
2.20168
2.22257
0.0811708
1.23065
1.52947
2.8164
2.81953
-2.48317
1.47667
-2.81266
-0.481964
1.49667
-2.7863
1.2937
-2.69163
2.77887
-2.69017
1.22666
-3.05496
-0.565021
2.70304
2.77128
-1.3166
1.43552
2.78048
1.18462
-3.00893
2.76454
1.98312
0.594246
0.421185
-0.356535
1.23484
-3.0869
-0.420396
-2.57365
-1.38928
1.02659
-2.7108
-2.90004
-0.498068
2.74785
0.801377
2.89316
2.96284
1.26912
-0.154175
1.08744
-2.87919
-0.567433
1.84751
2.82135
1.1127
-2.62793
1.86827
1.42758
-2.79511
1.08293
-1.18031
1.72454
-0.21024
2.00862
1.66779
0.145547
-2.89682
-2.74957
2.14025
1.10189
2.51929
1.30728
0.393062
-1.58515
0.81322
-0.775405
-2.53493
3.0406
1.49876
1.32169
0.552231
0.232889
1.95937
-1.08717
-1.724
1.19831
-0.782334
-1.33605
-0.815789
1.97919
-2.95092
0.0601682
2.18149
2.08072
-2.09458
1.48484
-1.90233
-1.77355
2.2093
1.52592
2.74825
-1.19721
-1.35983
-2.33025
-3.05788
2.34587
-0.953822
0.00345299
2.66759
-0.0098259
-1.52368
-0.721481
1.97858
1.62269
1.66093
-2.1478
-0.311973
-0.481611
-0.967105
1.44028
2.17992
-1.60803
0.168965
-2.93675
1.29503
0.412725
-2.1578
-2.05437
2.62297
2.2192
1.18996
0.889913
-0.582464
0.643877
-2.73348
2.95914
2.26936
-1.77048
3.05403
-0.73675
-0.277615
-0.222187
-2.94896
-2.80775
2.92299
2.50512
-1.90143
-1.56576
0.936351
2.33287
-2.6659
0.651911
-0.924671
-1.09297
-0.849459
-0.81833
-0.947496
-2.61131
1.9132
-1.65194
-0.408453
-0.551011
-2.14925
1.43542
-2.16871
0.29212
-1.36731
-2.87151
-1.7296
2.36263
-1.24832
1.96579
-2.15718
