1.884
-1.785
-1.175
0.953
-2.727
2.279
0.792
2.030
0.422
1.304
1.422
-3.099
-2.879
2.870
-1.982
2.583
-3.140
-1.409
-2.567
-2.041
-1.861
-2.356
1.452
-2.038
-0.843
0.768
1.637
1.324
1.004
0.120
2.047
0.655
1.948
0.239
-0.552
0.417
-2.200
-1.742
0.698
2.223
1.452
1.623
-2.522
2.300
-3.071
-0.980
-0.341
1.885
-1.491
0.310
-0.427
-2.670
2.954
-0.942
-0.974
-0.314
0.847
2.336
2.923
-3.140
1.157
1.207
-0.176
0.208
-0.169
2.119
2.424
-1.238
0.821
-0.698
1.011
-0.359
-2.480
1.972
1.628
-0.839
1.058
0.853
-2.934
1.111
2.698
2.000
-0.215
0.423
-1.982
1.967
-3.004
-1.690
1.890
-2.975
-1.717
0.172
2.189
-1.743
-2.232
2.762
2.866
-0.219
-2.346
1.140
2.560
-1.494
1.684
1.859
-1.313
-3.074
1.942
2.643
-2.155
2.196
-0.135
-0.209
0.205
-2.556
2.480
1.269
2.551
2.733
0.232
3.053
-0.123
-1.418
1.271
-2.808
-0.804
-3.041
2.627
0.775
-2.500
2.995
0.359
0.182
1.782
0.333
-1.202
-1.558
2.605
2.955
-2.500
-2.073
2.375
1.012
-1.015
-1.399
1.170
2.656
-3.025
-2.436
0.077
0.178
-2.183
1.890
2.799
-1.671
1.306
2.446
1.075
1.093
1.289
0.398
-0.263
-1.793
0.187
-2.068
0.502
3.033
1.838
2.133
-1.958
-1.785
2.072
-1.236
-0.043
2.176
-2.689
0.948
1.959
-2.879
1.019
2.938
-1.588
1.987
-2.871
-2.931
0.714
0.456
-1.989
-1.411
0.722
1.034
2.809
2.820
-0.093
-2.004
1.627
-1.703
-0.306
-2.357
-2.629
2.879
0.480
0.959
1.414
-1.280
-1.264
1.940
-2.281
2.588
0.855
2.795
1.019
2.791
-0.013
-3.093
2.363
1.418
0.351
1.777
-0.163
-1.081
-1.054
0.925
0.075
1.268
-2.506
2.952
-0.257
-1.954
-3.055
-0.439
-2.781
-1.398
-0.003
1.083
2.221
-2.689
1.728
2.848
0.404
2.017
1.316
1.267
-0.990
-0.726
-1.151
1.929
2.062
0.541
2.343
0.268
-0.078
-0.031
0.807
1.608
-2.937
-0.558
-0.040
-2.255
3.115
-2.636
-1.419
-2.427
-2.925
1.308
-0.439
-2.144
1.158
0.048
-2.591
-2.107
0.076
-2.948
1.822
-2.064
-1.766
-2.942
2.221
-2.214
1.504
0.327
-1.119
0.955
1.891
2.993
-0.190
-0.935
-2.528
0.277
-2.976
2.992
-2.728
-0.462
3.017
3.107
-1.595
-1.643
-1.905
0.032
3.119
-2.706
-0.141
-2.597
0.610
-2.938
1.183
-1.403
-2.591
0.668
1.674
0.080
-1.095
2.324
0.224
0.347
-3.122
0.038
1.075
1.209
2.602
-0.478
2.138
-1.320
-1.881
-0.733
-0.615
2.899
-0.647
-1.483
-2.544
-1.949
2.513
2.647
-2.655
1.140
-1.072
-2.154
2.772
2.592
-2.685
0.851
-2.227
-2.480
-0.412
0.321
-0.893
1.517
-1.563
1.716
-0.175
0.251
2.161
-2.290
2.303
-0.035
2.287
-1.662
1.658
2.998
-0.392
0.100
-1.678
-0.916
-0.686
-0.960
1.224
0.691
2.797
0.113
0.087
-1.665
-2.350
0.039
1.466
1.912
-0.068
2.518
-0.831
2.240
-2.462
2.853
-1.019
1.049
1.694
2.987
-0.248
2.380
1.164
-0.998
1.320
-0.473
1.435
-1.302
-2.771
0.907
-0.331
-1.935
1.605
1.425
-2.799
-2.058
-1.416
-0.427
0.021
-2.553
2.981
2.162
1.686
0.278
1.146
2.393
-3.099
-0.432
-1.024
0.676
-1.168
-0.095
-0.819
-2.418
1.832
-1.361
0.588
2.875
-2.705
1.184
-2.661
2.707
3.065
0.318
-0.996
-0.764
-2.857
0.419
-2.850
-0.479
2.858
-2.549
1.085
-0.993
2.130
-1.800
3.069
2.612
2.984
-0.923
-0.560
2.708
1.326
-0.929
-0.903
-2.096
1.816
1.377
0.319
2.358
1.690
-2.944
0.905
1.290
0.102
2.311
-1.294
-0.700
-2.206
-0.675
1.774
0.428
-2.539
-0.081
1.034
-0.348
1.813
2.970
-0.733
0.270
2.278
-0.805
-1.689
2.734
0.291
1.276
2.666
1.628
0.249
1.074
0.287
-2.791
1.655
-3.104
2.446
-1.194
1.083
-0.855
-0.284
2.338
-3.106
-2.628
1.362
-2.878
-1.756
2.736
2.209
-0.272
0.626
-1.900
-2.875
3.059
-0.874
0.968
1.621
2.830
-1.922
-1.725
1.025
-0.482
0.075
-2.409
-2.944
-2.517
1.334
-2.468
-0.589
-2.815
-1.142
-2.690
2.678
2.946
2.988
-2.890
2.543
1.909
2.586
2.102
-1.115
0.774
2.899
-1.919
-1.797
-0.862
-1.099
0.562
1.402
1.590
-2.173
-2.265
-2.466
2.730
-0.815
2.275
1.376
-3.049
2.672
1.574
2.394
-1.648
-0.072
1.661
0.136
-2.103
2.885
-2.875
-0.862
1.955
0.425
-0.280
-1.921
2.729
0.514
2.258
-2.915
-0.002
2.031
-2.307
2.470
2.972
-2.517
0.927
-2.012
2.889
-1.416
1.473
-0.228
0.531
-1.967
-2.574
0.306
-0.844
-2.362
2.098
-2.801
1.864
-0.060
1.380
3.119
1.457
1.888
-0.538
-1.765
1.609
1.895
2.788
-2.055
-0.013
2.928
-1.669
-1.437
0.685
-2.994
-1.306
-1.194
2.205
2.893
-0.163
2.807
-2.894
-1.289
1.167
0.909
-1.345
-2.347
0.218
-1.984
-2.304
2.408
0.017
-0.650
-0.473
1.521
-2.436
0.830
0.671
-2.791
2.567
-2.651
2.268
1.622
2.025
0.210
1.571
1.899
2.425
2.453
-1.682
1.856
0.722
1.553
1.986
-1.846
-0.871
2.769
-1.512
-0.616
1.524
1.294
0.093
1.308
2.467
0.245
-1.638
2.490
2.038
-2.015
0.685
-0.366
-1.631
0.525
1.584
-0.767
-2.914
-2.879
2.387
-0.308
-1.152
-0.584
-2.180
-1.644
1.557
-2.712
0.907
-1.023
1.769
2.027
1.457
2.849
-1.346
0.388
0.774
-1.638
1.697
-0.210
0.249
3.086
0.281
-2.941
1.329
1.456
-2.582
-2.131
-2.397
1.352
1.455
1.381
-2.984
-2.011
0.545
2.207
0.192
1.384
1.168
-2.865
-0.883
1.661
-2.289
-0.058
1.708
-2.830
2.270
-1.680
-2.486
0.594
-2.546
-1.608
-1.437
1.471
-1.288
-1.047
1.762
1.023
-2.083
-0.199
0.552
3.119
3.072
0.235
-1.162
-1.578
1.128
2.702
2.986
-0.256
3.003
-2.169
-2.620
-2.150
-1.026
0.610
0.807
-2.910
-1.718
-0.256
2.491
0.244
3.126
2.382
-3.096
1.948
0.408
-2.528
-0.151
2.457
-0.981
-0.591
-0.063
-2.310
2.293
1.038
-1.346
-0.215
-1.991
-0.992
2.639
1.597
-1.592
2.863
-2.641
2.300
-0.405
2.870
-2.082
2.866
0.657
-0.006
-0.740
-2.319
2.627
0.496
-0.491
3.131
-0.046
0.290
2.426
-1.507
-2.008
-2.868
0.157
1.049
2.955
0.892
0.011
-3.105
2.346
-1.719
1.477
-1.382
2.891
1.276
2.246
-2.320
2.307
-0.250
-2.249
-1.040
-2.254
-0.163
3.046
-2.928
-2.258
3.051
2.880
1.729
-1.745
2.135
0.524
-1.242
-2.148
2.105
1.594
-1.343
1.238
-1.983
-1.236
0.063
1.055
2.937
-1.461
1.179
-2.092
-0.386
2.400
-2.639
0.118
-1.639
3.033
-1.801
2.050
-1.564
-2.738
-1.925
0.815
1.412
0.141
-0.621
-1.818
-0.929
-1.522
-1.232
-1.297
0.408
2.003
1.867
-1.148
-2.702
1.368
-2.833
0.515
2.365
-1.153
-2.509
-2.754
2.102
-0.010
-2.822
-0.724
0.217
0.235
-1.509
-2.184
-1.463
0.711
2.545
-1.534
-0.758
-1.974
0.354
-1.241
-1.303
-0.415
-1.805
2.205
-1.555
2.842
-2.475
2.434
-1.577
0.130
0.196
-1.537
-2.331
0.610
1.580
-2.037
-2.093
-2.671
-0.558
-2.291
-2.434
1.817
2.041
1.082
1.527
-1.908
-0.672
-0.685
-2.051
-2.658
-0.752
1.695
1.073
-2.497
2.256
-1.730
-2.078
1.664
-1.562
-0.126
-3.009
-2.515
-3.066
1.460
-2.683
2.490
2.619
-1.953
-0.095
-0.913
0.738
2.914
-0.599
-2.634
1.668
1.776
-1.463
2.395
1.539
0.009
-1.036
-0.738
-1.049
1.881
0.251
3.025
-2.177
-1.641
-2.274
-1.443
2.852
-1.444
-1.993
-1.843
2.184
1.446
-2.335
0.557
2.994
1.118
-2.914
-0.629
-2.887
2.704
3.073
-1.898
0.335
-0.435
-2.771
-1.989
2.029
-0.878
-0.438
0.841
-2.238
1.639
0.194
-3.086
-2.216
1.192
1.964
-0.911
0.566
-2.533
1.953
-0.163
1.629
0.870
-2.471
-3.050
-0.575
2.888
0.706
-1.505
2.638
2.507
