-0.344
-1.657
-2.529
0.439
2.884
2.662
1.570
2.065
-2.693
1.193
-2.942
0.854
0.545
0.164
2.874
-1.874
0.041
0.922
-0.833
1.595
-0.500
1.870
-3.013
-2.377
1.215
0.299
-2.502
-1.811
-2.670
0.335
-1.989
-1.644
-0.978
-1.830
-1.506
-1.611
-1.747
1.598
2.073
-0.034
-0.281
2.830
2.116
0.247
2.662
2.621
0.917
0.925
-1.481
-0.248
1.305
2.406
1.629
-1.217
-2.695
-2.845
0.001
-0.897
2.637
-1.041
-2.983
1.445
1.859
-0.310
-2.976
-0.798
-1.241
2.761
-0.761
1.279
3.141
-0.010
0.758
0.966
-1.959
-2.079
-1.034
-2.185
-2.749
-1.407
-1.390
-1.429
0.506
0.391
2.145
-2.724
1.097
1.594
1.875
-0.229
1.073
-2.349
-0.453
-1.969
2.844
-1.844
-2.363
1.996
2.364
0.302
-2.357
2.172
2.581
2.463
1.846
-0.080
-1.681
-3.121
-3.099
2.118
2.720
0.269
1.502
2.038
1.132
2.719
0.415
2.785
2.774
-2.962
-1.578
0.056
-2.173
-1.803
0.858
-1.743
2.271
2.951
-0.014
2.018
-0.831
1.830
-1.753
0.855
2.392
-0.530
-0.789
2.110
-2.657
1.246
1.158
0.587
2.948
-0.252
1.436
0.400
-1.314
-1.282
2.599
-0.860
-1.048
-2.602
1.598
1.354
2.706
0.829
-0.210
2.086
-0.343
-0.795
-0.369
1.797
-0.225
-3.018
-1.515
-0.711
2.399
-2.406
2.769
2.584
0.499
0.210
-0.514
-2.304
0.276
-0.301
0.974
0.038
0.617
1.266
0.659
1.494
0.997
-2.482
-3.080
2.517
0.053
-0.330
-1.632
2.420
-2.113
-1.891
-0.209
-2.808
-2.236
-0.388
2.671
2.905
2.361
-0.443
-0.378
-1.568
2.566
2.467
0.653
-0.050
1.941
-1.935
-1.241
2.182
0.311
-1.497
3.063
0.175
1.425
2.010
1.571
2.503
1.172
-2.144
0.947
1.453
0.075
-1.106
-0.159
-0.314
-0.357
1.999
2.007
-3.016
2.923
-2.933
-2.835
-0.837
0.956
-1.712
0.560
0.920
2.116
0.984
0.077
-2.882
0.349
-0.743
-0.977
-0.844
-0.224
2.913
-1.372
-0.366
-0.156
1.098
2.011
0.324
0.559
0.910
-0.818
-3.082
-0.383
-2.533
0.241
2.347
-1.681
-0.158
0.239
0.049
1.908
2.945
1.293
0.928
1.576
-0.825
-1.869
0.144
0.213
-0.329
1.947
1.127
2.280
-2.626
-0.269
-1.436
0.563
-0.222
-0.307
-0.453
-2.486
-1.105
-1.691
1.471
-0.277
0.378
2.341
-1.463
1.702
1.551
-2.478
1.135
-1.359
-0.225
2.492
-2.032
0.508
3.138
-0.678
0.850
2.561
-2.082
-2.102
-2.467
-2.002
1.574
3.050
1.662
-0.232
1.641
-2.178
0.066
-2.340
0.044
2.160
-2.478
-2.650
1.260
1.016
3.027
1.126
-2.384
0.964
0.138
-2.369
0.723
2.565
-0.488
-1.725
-1.617
1.743
-0.701
-1.706
2.880
-1.917
-0.195
-2.281
-1.905
-2.302
-1.811
0.124
0.871
-1.320
-1.442
2.144
-2.017
-2.273
-3.036
1.260
-2.228
0.354
-0.714
-3.087
3.115
-0.469
0.516
-2.564
-0.159
-3.047
-0.059
-1.410
1.087
2.634
-1.459
-2.577
-1.785
-1.679
2.887
1.383
-2.507
-0.117
-0.760
1.961
-1.875
1.732
2.772
2.086
-1.764
-2.888
0.237
-0.087
-2.242
0.096
-0.132
-1.689
-3.070
0.381
-1.281
1.020
3.048
-2.935
1.623
-1.212
-0.006
0.049
2.564
1.202
-2.836
-0.277
0.829
1.158
-0.761
1.832
-0.156
-2.635
2.158
2.772
-2.115
-0.122
1.981
-1.887
3.057
-2.172
0.732
-0.550
-2.528
-0.009
0.422
0.176
-3.061
-1.085
2.050
0.300
-1.806
2.588
2.592
-0.129
1.100
-0.667
0.990
-2.881
1.252
-2.691
0.641
-0.011
1.546
-1.853
3.103
2.858
1.539
-0.715
2.106
3.065
0.530
-1.108
2.659
-0.629
2.064
0.648
0.156
-1.144
1.772
-1.583
2.179
-1.546
-2.569
-1.038
2.729
-1.791
-1.712
1.727
1.806
0.251
-1.337
0.202
0.964
1.747
-3.064
-1.913
-1.098
-1.142
1.029
0.370
-0.725
1.865
0.186
-2.213
1.491
1.937
-0.149
0.934
1.969
-0.709
2.286
-2.034
-0.019
0.741
-2.555
0.157
-0.525
-0.519
-2.509
-2.266
0.690
2.153
1.656
-2.494
0.608
-0.388
-0.938
0.965
-0.065
2.222
-0.982
-2.423
-2.041
-1.818
2.480
0.428
-3.078
-0.180
-1.358
-1.218
1.237
-0.736
0.883
2.434
2.695
-0.122
0.392
-2.151
0.041
-0.302
-2.797
-1.394
2.603
-1.630
2.763
1.290
0.212
-0.699
2.997
1.529
-2.148
2.751
-0.994
-0.479
1.878
1.661
-3.141
1.996
0.394
2.606
-1.502
-2.623
-1.473
-3.050
-2.650
-0.027
-0.304
-2.177
2.099
1.152
-1.076
-1.937
2.817
0.299
2.811
1.633
0.570
2.067
2.626
2.473
1.083
-0.678
1.313
2.574
-0.599
-0.790
-1.241
0.229
0.720
-2.799
2.416
-0.935
3.087
-0.029
0.379
1.138
0.267
-0.808
1.911
-2.213
1.688
0.668
-2.723
-1.402
-1.643
2.742
2.055
-1.573
-1.206
-1.419
-2.147
-1.495
-2.548
-0.464
0.227
1.873
-0.451
-2.360
2.528
2.767
-2.522
-0.245
-0.211
-0.644
-0.129
-0.305
0.523
0.068
-0.724
-2.281
2.500
-1.164
2.765
-1.032
-3.040
1.862
0.331
-2.982
1.771
2.488
2.428
-0.851
-2.476
-0.225
-2.220
-1.041
-1.962
1.996
-0.012
-1.616
-2.516
0.525
-0.744
0.731
-0.761
-0.677
0.772
-1.965
-1.631
2.334
2.475
-2.037
2.727
-1.539
-1.948
1.106
-2.759
-0.810
0.835
-2.172
-2.450
-2.942
1.757
2.287
1.192
-2.339
2.527
-2.708
1.828
1.568
2.163
2.710
0.155
-0.697
0.523
2.778
-2.969
0.451
1.689
0.337
-0.824
1.218
2.616
0.054
-2.631
-1.956
-1.350
-2.123
-1.967
-1.331
2.530
0.700
1.519
-2.880
1.340
0.147
2.838
0.773
-1.146
-2.399
0.621
1.032
1.266
1.515
1.157
0.673
1.146
1.949
-0.145
-1.929
-0.135
2.617
2.419
0.831
1.518
-1.643
-2.191
1.891
-0.521
-1.757
0.970
2.616
0.630
2.406
-0.937
-2.280
-1.416
-2.747
-1.443
2.551
2.650
-0.570
1.192
-0.576
0.898
2.771
-1.106
-3.005
0.999
0.354
-1.338
-0.128
-1.161
-2.503
-2.333
-1.953
-1.039
1.498
-3.121
-1.986
-0.403
-1.698
-3.024
2.270
2.580
-1.472
-2.713
2.884
1.471
2.038
0.705
-0.462
2.674
-3.105
-0.432
-2.805
2.467
-1.595
0.699
0.383
-0.108
-0.216
-0.272
-2.375
1.482
-2.180
-2.907
-0.459
-1.181
-1.357
0.373
2.251
-2.943
-1.172
-1.961
0.327
-2.842
-2.321
-1.282
-1.766
2.563
-2.762
0.526
0.239
-1.808
1.348
2.921
0.194
-0.274
1.012
-1.755
-1.594
-1.023
2.239
0.757
-0.055
3.133
-1.443
0.916
-2.143
2.105
-1.952
0.213
3.112
0.180
-0.719
-2.985
1.861
2.896
-2.268
-2.281
1.825
0.799
-2.601
-2.651
2.310
2.727
0.931
-3.001
2.557
2.124
2.002
-2.641
2.480
2.875
-0.620
-0.318
1.144
-2.185
-0.784
0.983
-0.372
-2.136
2.575
-0.783
0.350
1.981
0.360
0.507
-0.537
-0.348
-2.519
0.977
-2.550
-2.311
0.749
-2.198
2.541
-0.998
1.369
1.418
2.132
1.430
3.046
-2.569
-2.655
-2.079
1.926
-2.225
2.092
2.044
0.335
-0.479
-1.009
-1.044
-2.739
-2.573
-2.537
1.279
2.329
2.492
-0.097
0.214
-1.392
0.384
-2.678
-1.054
-0.085
0.148
-2.484
-1.699
-2.270
-2.513
2.531
1.920
2.001
-3.058
2.485
-1.151
0.650
2.432
1.825
2.178
-3.111
-0.987
0.902
1.081
-2.205
-1.497
-2.194
2.962
-2.690
-1.664
-0.829
-2.922
1.098
2.825
0.611
2.922
-0.191
1.804
-1.253
-1.026
1.881
-2.042
-0.377
-1.813
-2.098
-1.536
1.320
-2.234
2.020
-1.219
-2.381
2.105
2.431
-2.453
2.014
0.912
1.525
2.835
-1.649
1.362
1.169
0.813
0.413
1.687
-1.507
-2.946
0.408
-1.287
1.862
-1.947
-1.114
2.446
2.156
0.530
1.160
-2.937
2.618
-1.476
2.434
0.237
-1.019
3.007
-2.135
-3.036
2.305
-0.726
0.068
0.494
1.440
1.589
-0.377
-1.390
-1.069
0.092
-3.061
-1.886
0.669
2.774
1.683
0.897
2.641
-2.611
-0.175
2.373
1.111
0.484
1.223
2.453
3.031
2.645
-2.406
0.212
1.549
0.017
2.390
-1.775
-2.960
2.605
